idx	label	predict	correct	time
0	0	0	1	0:00:14.295281
1	0	0	1	0:00:14.083971
2	0	8	0	0:00:14.092662
3	0	8	0	0:00:14.097983
4	0	0	1	0:00:14.104262
5	0	8	0	0:00:14.100603
6	0	1	0	0:00:14.108835
7	0	0	1	0:00:14.112223
8	0	0	1	0:00:14.108384
9	0	2	0	0:00:14.118875
10	0	0	1	0:00:14.107355
11	0	0	1	0:00:14.120291
12	0	9	0	0:00:14.125550
13	0	0	1	0:00:14.129540
14	0	3	0	0:00:14.135192
15	0	0	1	0:00:14.123099
16	0	0	1	0:00:14.134934
17	0	4	0	0:00:14.133456
18	0	9	0	0:00:14.132514
19	0	9	0	0:00:14.126917
20	0	8	0	0:00:14.150653
21	0	0	1	0:00:14.147030
22	0	0	1	0:00:14.150320
23	0	0	1	0:00:14.139691
24	0	0	1	0:00:14.145225
25	0	0	1	0:00:14.137112
26	0	8	0	0:00:14.145863
27	0	0	1	0:00:14.137211
28	0	7	0	0:00:14.137532
29	0	9	0	0:00:14.141443
30	0	8	0	0:00:14.143814
31	0	8	0	0:00:14.150349
32	0	9	0	0:00:14.152984
33	0	0	1	0:00:14.147917
34	0	8	0	0:00:14.150482
35	0	8	0	0:00:14.153329
36	0	8	0	0:00:14.152396
37	0	0	1	0:00:14.154826
38	0	0	1	0:00:14.153815
39	0	0	1	0:00:14.151511
40	0	0	1	0:00:14.154842
41	0	5	0	0:00:14.148316
42	0	4	0	0:00:14.152440
43	0	8	0	0:00:14.158376
44	0	4	0	0:00:14.157434
45	0	2	0	0:00:14.151856
46	0	0	1	0:00:14.148587
47	0	8	0	0:00:14.144897
48	0	9	0	0:00:14.154547
49	0	9	0	0:00:14.154233
50	0	0	1	0:00:14.154020
51	0	0	1	0:00:14.152423
52	0	0	1	0:00:14.153862
53	0	0	1	0:00:14.157148
54	0	8	0	0:00:14.155863
55	0	0	1	0:00:14.153683
56	0	0	1	0:00:14.153187
57	0	0	1	0:00:14.152968
58	0	0	1	0:00:14.155602
59	0	0	1	0:00:14.152169
60	0	3	0	0:00:14.159434
61	0	0	1	0:00:14.151386
62	0	9	0	0:00:14.158762
63	0	7	0	0:00:14.147821
64	0	0	1	0:00:14.157853
65	0	3	0	0:00:14.159955
66	0	4	0	0:00:14.162972
67	0	3	0	0:00:14.153472
68	0	8	0	0:00:14.156374
69	0	7	0	0:00:14.156126
70	0	9	0	0:00:14.157356
71	0	8	0	0:00:14.157915
72	0	0	1	0:00:14.162923
73	0	1	0	0:00:14.150057
74	0	0	1	0:00:14.156882
75	0	0	1	0:00:14.154959
76	0	8	0	0:00:14.153439
77	0	0	1	0:00:14.158255
78	0	0	1	0:00:14.159366
79	0	9	0	0:00:14.154615
80	0	0	1	0:00:14.159797
81	0	0	1	0:00:14.157379
82	0	0	1	0:00:14.156122
83	0	0	1	0:00:14.163371
84	0	0	1	0:00:14.158728
85	0	2	0	0:00:14.152662
86	0	7	0	0:00:14.156277
87	0	2	0	0:00:14.157447
88	0	0	1	0:00:14.153449
89	0	0	1	0:00:14.160720
90	0	0	1	0:00:14.155179
91	0	0	1	0:00:14.156437
92	0	5	0	0:00:14.155253
93	0	-1	0	0:00:14.154402
94	0	0	1	0:00:14.160172
95	0	8	0	0:00:14.156611
96	0	0	1	0:00:14.158353
97	0	0	1	0:00:14.155567
98	0	7	0	0:00:14.154195
99	0	0	1	0:00:14.155589
100	0	0	1	0:00:14.161541
101	0	0	1	0:00:14.156351
102	0	5	0	0:00:14.154357
103	0	8	0	0:00:14.153013
104	0	0	1	0:00:14.158994
105	0	8	0	0:00:14.155101
106	0	0	1	0:00:14.159915
107	0	0	1	0:00:14.154799
108	0	3	0	0:00:14.152963
109	0	4	0	0:00:14.157729
110	0	0	1	0:00:14.154345
111	0	8	0	0:00:14.156307
112	0	1	0	0:00:14.156707
113	0	6	0	0:00:14.149081
114	0	0	1	0:00:14.154336
115	0	0	1	0:00:14.155131
116	0	1	0	0:00:14.155929
117	0	0	1	0:00:14.157526
118	0	9	0	0:00:14.157115
119	0	8	0	0:00:14.152559
120	0	0	1	0:00:14.158239
121	0	0	1	0:00:14.154114
122	0	0	1	0:00:14.156322
123	0	0	1	0:00:14.158609
124	0	3	0	0:00:14.152184
125	0	2	0	0:00:14.153168
126	0	3	0	0:00:14.155588
127	0	0	1	0:00:14.150558
128	0	0	1	0:00:14.160861
129	0	9	0	0:00:14.159611
130	0	0	1	0:00:14.163556
131	0	1	0	0:00:14.158153
132	0	0	1	0:00:14.150672
133	0	9	0	0:00:14.153105
134	0	-1	0	0:00:14.157846
135	0	9	0	0:00:14.155030
136	0	8	0	0:00:14.150744
137	0	0	1	0:00:14.154197
138	0	0	1	0:00:14.148363
139	0	3	0	0:00:14.150527
140	0	0	1	0:00:14.157570
141	0	6	0	0:00:14.153026
142	0	4	0	0:00:14.151545
143	0	0	1	0:00:14.152665
144	0	2	0	0:00:14.145185
145	0	9	0	0:00:14.153361
146	0	0	1	0:00:14.156069
147	0	0	1	0:00:14.156403
148	0	2	0	0:00:14.152455
149	0	0	1	0:00:14.153632
150	0	8	0	0:00:14.154711
151	0	8	0	0:00:14.158968
152	0	8	0	0:00:14.161200
153	0	9	0	0:00:14.162878
154	0	0	1	0:00:14.182455
155	0	8	0	0:00:14.163901
156	0	9	0	0:00:14.164300
157	0	9	0	0:00:14.167011
158	0	8	0	0:00:14.172494
159	0	9	0	0:00:14.176015
160	0	0	1	0:00:14.172369
161	0	9	0	0:00:14.164311
162	0	7	0	0:00:14.158073
163	0	3	0	0:00:14.165666
164	0	0	1	0:00:14.163544
165	0	8	0	0:00:14.160939
166	0	8	0	0:00:14.166278
167	0	9	0	0:00:14.163198
168	0	0	1	0:00:14.162613
169	0	9	0	0:00:14.168729
170	0	0	1	0:00:14.159890
171	0	9	0	0:00:14.163893
172	0	6	0	0:00:14.162718
173	0	0	1	0:00:14.167565
174	0	0	1	0:00:14.155448
175	0	8	0	0:00:14.160278
176	0	9	0	0:00:14.149542
177	0	8	0	0:00:14.154258
178	0	9	0	0:00:14.154234
179	0	8	0	0:00:14.152213
180	0	4	0	0:00:14.153230
181	0	8	0	0:00:14.154306
182	0	8	0	0:00:14.152410
183	0	0	1	0:00:14.153213
184	0	2	0	0:00:14.151963
185	0	8	0	0:00:14.152600
186	0	8	0	0:00:14.160677
187	0	4	0	0:00:14.148338
188	0	4	0	0:00:14.154494
189	0	3	0	0:00:14.151726
190	0	8	0	0:00:14.155330
191	0	0	1	0:00:14.154658
192	0	8	0	0:00:14.152937
193	0	2	0	0:00:14.153457
194	0	1	0	0:00:14.147266
195	0	9	0	0:00:14.154256
196	0	0	1	0:00:14.154251
197	0	8	0	0:00:14.162248
198	0	0	1	0:00:14.150020
199	0	4	0	0:00:14.149750
200	1	1	1	0:00:14.150705
201	1	1	1	0:00:14.153510
202	1	1	1	0:00:14.154351
203	1	1	1	0:00:14.158279
204	1	1	1	0:00:14.151944
205	1	1	1	0:00:14.151795
206	1	1	1	0:00:14.149871
207	1	8	0	0:00:14.149608
208	1	1	1	0:00:14.153935
209	1	1	1	0:00:14.158515
210	1	1	1	0:00:14.150325
211	1	1	1	0:00:14.152709
212	1	6	0	0:00:14.147677
213	1	1	1	0:00:14.153276
214	1	1	1	0:00:14.157269
215	1	1	1	0:00:14.153673
216	1	1	1	0:00:14.152142
217	1	1	1	0:00:14.153278
218	1	1	1	0:00:14.153111
219	1	1	1	0:00:14.157787
220	1	1	1	0:00:14.157653
221	1	0	0	0:00:14.151733
222	1	1	1	0:00:14.151358
223	1	1	1	0:00:14.154104
224	1	1	1	0:00:14.152469
225	1	1	1	0:00:14.155296
226	1	1	1	0:00:14.156589
227	1	9	0	0:00:14.149118
228	1	1	1	0:00:14.151801
229	1	3	0	0:00:14.153966
230	1	1	1	0:00:14.150560
231	1	1	1	0:00:14.158525
232	1	1	1	0:00:14.160968
233	1	9	0	0:00:14.153611
234	1	1	1	0:00:14.151638
235	1	1	1	0:00:14.152877
236	1	1	1	0:00:14.152678
237	1	5	0	0:00:14.157746
238	1	1	1	0:00:14.154753
239	1	1	1	0:00:14.151973
240	1	1	1	0:00:14.156250
241	1	9	0	0:00:14.156255
242	1	1	1	0:00:14.150211
243	1	1	1	0:00:14.157764
244	1	5	0	0:00:14.148975
245	1	1	1	0:00:14.152448
246	1	1	1	0:00:14.147918
247	1	1	1	0:00:14.153449
248	1	1	1	0:00:14.149649
249	1	1	1	0:00:14.157048
250	1	1	1	0:00:14.151760
251	1	1	1	0:00:14.150691
252	1	9	0	0:00:14.148032
253	1	9	0	0:00:14.150153
254	1	9	0	0:00:14.151881
255	1	1	1	0:00:14.151490
256	1	1	1	0:00:14.150187
257	1	1	1	0:00:14.153884
258	1	3	0	0:00:14.146400
259	1	1	1	0:00:14.153301
260	1	9	0	0:00:14.155582
261	1	1	1	0:00:14.154215
262	1	1	1	0:00:14.155903
263	1	1	1	0:00:14.152800
264	1	1	1	0:00:14.144678
265	1	9	0	0:00:14.150000
266	1	8	0	0:00:14.150888
267	1	8	0	0:00:14.149843
268	1	8	0	0:00:14.150540
269	1	1	1	0:00:14.150584
270	1	1	1	0:00:14.150272
271	1	3	0	0:00:14.150784
272	1	8	0	0:00:14.149052
273	1	9	0	0:00:14.148443
274	1	1	1	0:00:14.153920
275	1	1	1	0:00:14.151099
276	1	9	0	0:00:14.149090
277	1	9	0	0:00:14.157125
278	1	5	0	0:00:14.145441
279	1	8	0	0:00:14.151534
280	1	1	1	0:00:14.147300
281	1	1	1	0:00:14.155607
282	1	3	0	0:00:14.148273
283	1	9	0	0:00:14.154900
284	1	1	1	0:00:14.155593
285	1	1	1	0:00:14.156533
286	1	1	1	0:00:14.152864
287	1	1	1	0:00:14.150977
288	1	1	1	0:00:14.151188
289	1	6	0	0:00:14.154142
290	1	1	1	0:00:14.149301
291	1	1	1	0:00:14.151104
292	1	6	0	0:00:14.148421
293	1	5	0	0:00:14.150555
294	1	-1	0	0:00:14.151607
295	1	1	1	0:00:14.153482
296	1	9	0	0:00:14.148997
297	1	1	1	0:00:14.150341
298	1	1	1	0:00:14.150152
299	1	3	0	0:00:14.151699
300	1	8	0	0:00:14.154816
301	1	1	1	0:00:14.150120
302	1	1	1	0:00:14.147946
303	1	1	1	0:00:14.154011
304	1	3	0	0:00:14.146272
305	1	9	0	0:00:14.154509
306	1	1	1	0:00:14.161733
307	1	1	1	0:00:14.155172
308	1	9	0	0:00:14.152914
309	1	9	0	0:00:14.154534
310	1	8	0	0:00:14.150098
311	1	9	0	0:00:14.155768
312	1	1	1	0:00:14.152178
313	1	2	0	0:00:14.151371
314	1	3	0	0:00:14.146098
315	1	1	1	0:00:14.152827
316	1	1	1	0:00:14.152020
317	1	9	0	0:00:14.157599
318	1	1	1	0:00:14.148094
319	1	1	1	0:00:14.150989
320	1	1	1	0:00:14.145822
321	1	9	0	0:00:14.152898
322	1	1	1	0:00:14.149315
323	1	1	1	0:00:14.156165
324	1	1	1	0:00:14.153936
325	1	6	0	0:00:14.150291
326	1	9	0	0:00:14.148865
327	1	3	0	0:00:14.149152
328	1	1	1	0:00:14.155809
329	1	1	1	0:00:14.158224
330	1	2	0	0:00:14.152308
331	1	1	1	0:00:14.149677
332	1	1	1	0:00:14.149709
333	1	9	0	0:00:14.150420
334	1	1	1	0:00:14.154692
335	1	1	1	0:00:14.152496
336	1	6	0	0:00:14.147028
337	1	1	1	0:00:14.151562
338	1	-1	0	0:00:14.147713
339	1	1	1	0:00:14.153115
340	1	1	1	0:00:14.158350
341	1	5	0	0:00:14.151674
342	1	6	0	0:00:14.149883
343	1	8	0	0:00:14.153135
344	1	1	1	0:00:14.149715
345	1	1	1	0:00:14.155280
346	1	1	1	0:00:14.159309
347	1	4	0	0:00:14.154226
348	1	1	1	0:00:14.152495
349	1	1	1	0:00:14.155705
350	1	3	0	0:00:14.160956
351	1	6	0	0:00:14.158969
352	1	1	1	0:00:14.155517
353	1	-1	0	0:00:14.154760
354	1	1	1	0:00:14.154923
355	1	1	1	0:00:14.155046
356	1	3	0	0:00:14.151231
357	1	8	0	0:00:14.158909
358	1	1	1	0:00:14.154346
359	1	1	1	0:00:14.157483
360	1	6	0	0:00:14.152953
361	1	2	0	0:00:14.148717
362	1	8	0	0:00:14.153201
363	1	9	0	0:00:14.154925
364	1	1	1	0:00:14.150252
365	1	8	0	0:00:14.149303
366	1	1	1	0:00:14.153410
367	1	1	1	0:00:14.153912
368	1	1	1	0:00:14.156017
369	1	4	0	0:00:14.153422
370	1	9	0	0:00:14.155278
371	1	9	0	0:00:14.148926
372	1	1	1	0:00:14.162632
373	1	9	0	0:00:14.149430
374	1	1	1	0:00:14.160303
375	1	5	0	0:00:14.149604
376	1	4	0	0:00:14.151692
377	1	1	1	0:00:14.150624
378	1	1	1	0:00:14.151646
379	1	9	0	0:00:14.153136
380	1	1	1	0:00:14.160033
381	1	8	0	0:00:14.148293
382	1	1	1	0:00:14.149914
383	1	1	1	0:00:14.151651
384	1	4	0	0:00:14.152616
385	1	1	1	0:00:14.153959
386	1	6	0	0:00:14.154457
387	1	0	0	0:00:14.150842
388	1	8	0	0:00:14.151567
389	1	1	1	0:00:14.154574
390	1	4	0	0:00:14.151157
391	1	3	0	0:00:14.153551
392	1	1	1	0:00:14.156304
393	1	8	0	0:00:14.148918
394	1	3	0	0:00:14.158363
395	1	1	1	0:00:14.150231
396	1	1	1	0:00:14.150587
397	1	9	0	0:00:14.156675
398	1	1	1	0:00:14.152736
399	1	1	1	0:00:14.148509
400	2	4	0	0:00:14.152850
401	2	2	1	0:00:14.151219
402	2	4	0	0:00:14.151117
403	2	2	1	0:00:14.155831
404	2	7	0	0:00:14.152060
405	2	7	0	0:00:14.148658
406	2	3	0	0:00:14.149762
407	2	2	1	0:00:14.146261
408	2	4	0	0:00:14.154184
409	2	2	1	0:00:14.150269
410	2	3	0	0:00:14.148781
411	2	4	0	0:00:14.148145
412	2	2	1	0:00:14.150437
413	2	3	0	0:00:14.148171
414	2	0	0	0:00:14.155881
415	2	2	1	0:00:14.147485
416	2	2	1	0:00:14.158287
417	2	3	0	0:00:14.149557
418	2	0	0	0:00:14.152116
419	2	3	0	0:00:14.151028
420	2	3	0	0:00:14.152825
421	2	7	0	0:00:14.144120
422	2	2	1	0:00:14.149024
423	2	5	0	0:00:14.146368
424	2	8	0	0:00:14.142934
425	2	2	1	0:00:14.145526
426	2	4	0	0:00:14.151415
427	2	6	0	0:00:14.144067
428	2	5	0	0:00:14.148108
429	2	6	0	0:00:14.144667
430	2	6	0	0:00:14.148012
431	2	4	0	0:00:14.149815
432	2	6	0	0:00:14.154783
433	2	3	0	0:00:14.146925
434	2	2	1	0:00:14.147301
435	2	2	1	0:00:14.140455
436	2	2	1	0:00:14.150991
437	2	2	1	0:00:14.153454
438	2	4	0	0:00:14.155082
439	2	2	1	0:00:14.147016
440	2	2	1	0:00:14.149008
441	2	-1	0	0:00:14.142931
442	2	2	1	0:00:14.153648
443	2	2	1	0:00:14.154915
444	2	2	1	0:00:14.153177
445	2	4	0	0:00:14.147226
446	2	2	1	0:00:14.150756
447	2	2	1	0:00:14.145897
448	2	8	0	0:00:14.151829
449	2	2	1	0:00:14.147799
450	2	2	1	0:00:14.148153
451	2	9	0	0:00:14.148595
452	2	4	0	0:00:14.147445
453	2	7	0	0:00:14.142784
454	2	2	1	0:00:14.159488
455	2	2	1	0:00:14.150348
456	2	4	0	0:00:14.147395
457	2	4	0	0:00:14.145659
458	2	2	1	0:00:14.148634
459	2	2	1	0:00:14.147667
460	2	2	1	0:00:14.157202
461	2	2	1	0:00:14.143549
462	2	9	0	0:00:14.151133
463	2	2	1	0:00:14.146964
464	2	2	1	0:00:14.147567
465	2	4	0	0:00:14.147498
466	2	2	1	0:00:14.151532
467	2	3	0	0:00:14.146294
468	2	6	0	0:00:14.146659
469	2	2	1	0:00:14.144153
470	2	4	0	0:00:14.149777
471	2	6	0	0:00:14.150159
472	2	2	1	0:00:14.149931
473	2	6	0	0:00:14.144750
474	2	2	1	0:00:14.147877
475	2	4	0	0:00:14.149839
476	2	0	0	0:00:14.149805
477	2	6	0	0:00:14.150242
478	2	2	1	0:00:14.148969
479	2	4	0	0:00:14.147006
480	2	6	0	0:00:14.151000
481	2	2	1	0:00:14.149006
482	2	4	0	0:00:14.158996
483	2	2	1	0:00:14.153516
484	2	4	0	0:00:14.148562
485	2	3	0	0:00:14.144625
486	2	9	0	0:00:14.150403
487	2	4	0	0:00:14.147749
488	2	4	0	0:00:14.154321
489	2	0	0	0:00:14.148420
490	2	4	0	0:00:14.151270
491	2	2	1	0:00:14.149660
492	2	3	0	0:00:14.150017
493	2	1	0	0:00:14.149907
494	2	6	0	0:00:14.157535
495	2	2	1	0:00:14.146340
496	2	2	1	0:00:14.148187
497	2	2	1	0:00:14.150590
498	2	2	1	0:00:14.148938
499	2	2	1	0:00:14.145828
500	2	5	0	0:00:14.150178
501	2	6	0	0:00:14.148867
502	2	2	1	0:00:14.149927
503	2	6	0	0:00:14.150000
504	2	4	0	0:00:14.153780
505	2	1	0	0:00:14.150894
506	2	2	1	0:00:14.154503
507	2	2	1	0:00:14.148907
508	2	2	1	0:00:14.154380
509	2	2	1	0:00:14.146624
510	2	2	1	0:00:14.152802
511	2	2	1	0:00:14.154802
512	2	2	1	0:00:14.154273
513	2	6	0	0:00:14.146506
514	2	6	0	0:00:14.149201
515	2	3	0	0:00:14.151575
516	2	2	1	0:00:14.149638
517	2	2	1	0:00:14.153797
518	2	4	0	0:00:14.153444
519	2	2	1	0:00:14.150465
520	2	2	1	0:00:14.152679
521	2	2	1	0:00:14.149500
522	2	6	0	0:00:14.151987
523	2	2	1	0:00:14.155535
524	2	6	0	0:00:14.151735
525	2	2	1	0:00:14.151476
526	2	5	0	0:00:14.159881
527	2	-1	0	0:00:14.148241
528	2	3	0	0:00:14.158157
529	2	2	1	0:00:14.152161
530	2	2	1	0:00:14.152841
531	2	3	0	0:00:14.149874
532	2	2	1	0:00:14.150863
533	2	8	0	0:00:14.151869
534	2	2	1	0:00:14.158965
535	2	4	0	0:00:14.150081
536	2	6	0	0:00:14.151107
537	2	2	1	0:00:14.147123
538	2	6	0	0:00:14.147818
539	2	0	0	0:00:14.149517
540	2	2	1	0:00:14.155577
541	2	2	1	0:00:14.148488
542	2	6	0	0:00:14.148820
543	2	-1	0	0:00:14.147256
544	2	2	1	0:00:14.153227
545	2	6	0	0:00:14.150164
546	2	6	0	0:00:14.154186
547	2	2	1	0:00:14.150530
548	2	3	0	0:00:14.152482
549	2	2	1	0:00:14.147869
550	2	3	0	0:00:14.148573
551	2	2	1	0:00:14.150558
552	2	5	0	0:00:14.150332
553	2	3	0	0:00:14.142017
554	2	7	0	0:00:14.149166
555	2	8	0	0:00:14.143614
556	2	4	0	0:00:14.149947
557	2	5	0	0:00:14.154747
558	2	6	0	0:00:14.149709
559	2	3	0	0:00:14.149182
560	2	7	0	0:00:14.147978
561	2	5	0	0:00:14.149084
562	2	4	0	0:00:14.151324
563	2	4	0	0:00:14.153224
564	2	0	0	0:00:14.152568
565	2	2	1	0:00:14.149914
566	2	6	0	0:00:14.152909
567	2	6	0	0:00:14.146253
568	2	2	1	0:00:14.157336
569	2	2	1	0:00:14.156219
570	2	4	0	0:00:14.155568
571	2	4	0	0:00:14.151602
572	2	2	1	0:00:14.152757
573	2	3	0	0:00:14.150328
574	2	2	1	0:00:14.156156
575	2	0	0	0:00:14.148626
576	2	3	0	0:00:14.155438
577	2	2	1	0:00:14.149968
578	2	2	1	0:00:14.153636
579	2	4	0	0:00:14.150810
580	2	2	1	0:00:14.154612
581	2	0	0	0:00:14.147058
582	2	3	0	0:00:14.151839
583	2	7	0	0:00:14.154300
584	2	2	1	0:00:14.153930
585	2	3	0	0:00:14.151070
586	2	2	1	0:00:14.154973
587	2	3	0	0:00:14.151387
588	2	4	0	0:00:14.151408
589	2	-1	0	0:00:14.148229
590	2	4	0	0:00:14.146724
591	2	2	1	0:00:14.151477
592	2	8	0	0:00:14.151703
593	2	6	0	0:00:14.146820
594	2	4	0	0:00:14.148719
595	2	2	1	0:00:14.145880
596	2	2	1	0:00:14.150962
597	2	2	1	0:00:14.151613
598	2	6	0	0:00:14.149073
599	2	4	0	0:00:14.146393
600	3	5	0	0:00:14.149306
601	3	3	1	0:00:14.148499
602	3	3	1	0:00:14.149810
603	3	3	1	0:00:14.149506
604	3	3	1	0:00:14.150347
605	3	6	0	0:00:14.149633
606	3	2	0	0:00:14.147208
607	3	3	1	0:00:14.144117
608	3	3	1	0:00:14.151112
609	3	3	1	0:00:14.149344
610	3	4	0	0:00:14.150517
611	3	4	0	0:00:14.146387
612	3	3	1	0:00:14.147470
613	3	4	0	0:00:14.152394
614	3	3	1	0:00:14.161157
615	3	9	0	0:00:14.148962
616	3	3	1	0:00:14.150734
617	3	3	1	0:00:14.148325
618	3	3	1	0:00:14.151488
619	3	5	0	0:00:14.149502
620	3	8	0	0:00:14.156597
621	3	5	0	0:00:14.151693
622	3	3	1	0:00:14.157353
623	3	3	1	0:00:14.153581
624	3	3	1	0:00:14.159594
625	3	3	1	0:00:14.158510
626	3	5	0	0:00:14.160735
627	3	3	1	0:00:14.157972
628	3	3	1	0:00:14.155584
629	3	3	1	0:00:14.155077
630	3	3	1	0:00:14.153450
631	3	5	0	0:00:14.159250
632	3	3	1	0:00:14.159224
633	3	3	1	0:00:14.156525
634	3	6	0	0:00:14.155712
635	3	3	1	0:00:14.161961
636	3	3	1	0:00:14.156569
637	3	3	1	0:00:14.157258
638	3	0	0	0:00:14.156952
639	3	5	0	0:00:14.155814
640	3	3	1	0:00:14.154198
641	3	7	0	0:00:14.151999
642	3	3	1	0:00:14.153872
643	3	3	1	0:00:14.155048
644	3	2	0	0:00:14.150786
645	3	9	0	0:00:14.152355
646	3	3	1	0:00:14.153146
647	3	9	0	0:00:14.152403
648	3	8	0	0:00:14.158585
649	3	6	0	0:00:14.153804
650	3	3	1	0:00:14.155839
651	3	4	0	0:00:14.153354
652	3	3	1	0:00:14.150772
653	3	9	0	0:00:14.146436
654	3	9	0	0:00:14.158326
655	3	1	0	0:00:14.149514
656	3	5	0	0:00:14.160455
657	3	3	1	0:00:14.161294
658	3	3	1	0:00:14.154870
659	3	6	0	0:00:14.147438
660	3	6	0	0:00:14.155430
661	3	5	0	0:00:14.147024
662	3	6	0	0:00:14.148017
663	3	3	1	0:00:14.144596
664	3	-1	0	0:00:14.152485
665	3	3	1	0:00:14.158634
666	3	3	1	0:00:14.148911
667	3	0	0	0:00:14.156705
668	3	4	0	0:00:14.151861
669	3	2	0	0:00:14.154339
670	3	1	0	0:00:14.153995
671	3	4	0	0:00:14.157645
672	3	3	1	0:00:14.148051
673	3	3	1	0:00:14.152735
674	3	6	0	0:00:14.151836
675	3	3	1	0:00:14.152277
676	3	3	1	0:00:14.157355
677	3	3	1	0:00:14.161437
678	3	4	0	0:00:14.149263
679	3	3	1	0:00:14.160011
680	3	4	0	0:00:14.153362
681	3	9	0	0:00:14.153384
682	3	3	1	0:00:14.157471
683	3	3	1	0:00:14.157856
684	3	3	1	0:00:14.153841
685	3	3	1	0:00:14.151077
686	3	2	0	0:00:14.149826
687	3	8	0	0:00:14.153294
688	3	2	0	0:00:14.152307
689	3	6	0	0:00:14.154051
690	3	3	1	0:00:14.152290
691	3	4	0	0:00:14.156964
692	3	3	1	0:00:14.151916
693	3	3	1	0:00:14.153143
694	3	0	0	0:00:14.158291
695	3	3	1	0:00:14.154203
696	3	3	1	0:00:14.152188
697	3	3	1	0:00:14.157490
698	3	3	1	0:00:14.158665
699	3	8	0	0:00:14.154722
700	3	5	0	0:00:14.160873
701	3	-1	0	0:00:14.164673
702	3	8	0	0:00:14.158260
703	3	2	0	0:00:14.156920
704	3	1	0	0:00:14.158429
705	3	8	0	0:00:14.159466
706	3	2	0	0:00:14.161617
707	3	3	1	0:00:14.158584
708	3	6	0	0:00:14.158192
709	3	1	0	0:00:14.156734
710	3	3	1	0:00:14.158866
711	3	5	0	0:00:14.160535
712	3	5	0	0:00:14.157853
713	3	3	1	0:00:14.157714
714	3	3	1	0:00:14.157197
715	3	4	0	0:00:14.153313
716	3	3	1	0:00:14.156342
717	3	5	0	0:00:14.158763
718	3	5	0	0:00:14.151541
719	3	3	1	0:00:14.151683
720	3	6	0	0:00:14.155338
721	3	3	1	0:00:14.153391
722	3	3	1	0:00:14.160352
723	3	3	1	0:00:14.161585
724	3	4	0	0:00:14.156584
725	3	3	1	0:00:14.155801
726	3	0	0	0:00:14.159239
727	3	3	1	0:00:14.154321
728	3	5	0	0:00:14.157537
729	3	-1	0	0:00:14.152797
730	3	5	0	0:00:14.157168
731	3	6	0	0:00:14.150814
732	3	1	0	0:00:14.156612
733	3	5	0	0:00:14.155361
734	3	3	1	0:00:14.162228
735	3	3	1	0:00:14.151488
736	3	3	1	0:00:14.155658
737	3	3	1	0:00:14.153283
738	3	5	0	0:00:14.155495
739	3	4	0	0:00:14.154417
740	3	5	0	0:00:14.157422
741	3	3	1	0:00:14.153780
742	3	8	0	0:00:14.153775
743	3	7	0	0:00:14.153928
744	3	3	1	0:00:14.156324
745	3	3	1	0:00:14.161213
746	3	3	1	0:00:14.155685
747	3	3	1	0:00:14.152694
748	3	4	0	0:00:14.154233
749	3	2	0	0:00:14.152640
750	3	3	1	0:00:14.153758
751	3	3	1	0:00:14.162672
752	3	3	1	0:00:14.157682
753	3	5	0	0:00:14.153923
754	3	3	1	0:00:14.154373
755	3	5	0	0:00:14.149916
756	3	3	1	0:00:14.160273
757	3	5	0	0:00:14.159151
758	3	3	1	0:00:14.158058
759	3	6	0	0:00:14.154996
760	3	3	1	0:00:14.157203
761	3	2	0	0:00:14.156158
762	3	3	1	0:00:14.158164
763	3	8	0	0:00:14.157403
764	3	4	0	0:00:14.159240
765	3	3	1	0:00:14.154386
766	3	5	0	0:00:14.157438
767	3	5	0	0:00:14.163075
768	3	3	1	0:00:14.161173
769	3	3	1	0:00:14.158884
770	3	6	0	0:00:14.157965
771	3	3	1	0:00:14.153826
772	3	4	0	0:00:14.157623
773	3	7	0	0:00:14.156016
774	3	6	0	0:00:14.161695
775	3	5	0	0:00:14.154168
776	3	4	0	0:00:14.154516
777	3	3	1	0:00:14.157215
778	3	3	1	0:00:14.157142
779	3	3	1	0:00:14.155854
780	3	3	1	0:00:14.162101
781	3	3	1	0:00:14.152962
782	3	9	0	0:00:14.154779
783	3	3	1	0:00:14.154363
784	3	3	1	0:00:14.158588
785	3	-1	0	0:00:14.153959
786	3	9	0	0:00:14.159890
787	3	5	0	0:00:14.155017
788	3	3	1	0:00:14.155999
789	3	3	1	0:00:14.159614
790	3	6	0	0:00:14.151674
791	3	6	0	0:00:14.154845
792	3	3	1	0:00:14.155041
793	3	3	1	0:00:14.151671
794	3	6	0	0:00:14.153589
795	3	3	1	0:00:14.148791
796	3	5	0	0:00:14.155225
797	3	3	1	0:00:14.154864
798	3	3	1	0:00:14.153600
799	3	3	1	0:00:14.154116
800	4	4	1	0:00:14.154216
801	4	4	1	0:00:14.149287
802	4	4	1	0:00:14.156035
803	4	4	1	0:00:14.155862
804	4	4	1	0:00:14.154735
805	4	0	0	0:00:14.154518
806	4	9	0	0:00:14.153208
807	4	2	0	0:00:14.150903
808	4	2	0	0:00:14.157362
809	4	3	0	0:00:14.153154
810	4	4	1	0:00:14.154802
811	4	4	1	0:00:14.160931
812	4	3	0	0:00:14.153855
813	4	4	1	0:00:14.148657
814	4	4	1	0:00:14.153738
815	4	4	1	0:00:14.147449
816	4	4	1	0:00:14.152937
817	4	4	1	0:00:14.153920
818	4	4	1	0:00:14.152199
819	4	6	0	0:00:14.149159
820	4	3	0	0:00:14.159933
821	4	4	1	0:00:14.149608
822	4	3	0	0:00:14.152539
823	4	5	0	0:00:14.149284
824	4	4	1	0:00:14.152294
825	4	3	0	0:00:14.151583
826	4	4	1	0:00:14.153314
827	4	5	0	0:00:14.145514
828	4	4	1	0:00:14.150955
829	4	3	0	0:00:14.153578
830	4	4	1	0:00:14.153868
831	4	5	0	0:00:14.155362
832	4	4	1	0:00:14.153765
833	4	4	1	0:00:14.155577
834	4	4	1	0:00:14.152723
835	4	4	1	0:00:14.150183
836	4	4	1	0:00:14.154608
837	4	6	0	0:00:14.153274
838	4	5	0	0:00:14.154087
839	4	4	1	0:00:14.151633
840	4	4	1	0:00:14.151148
841	4	4	1	0:00:14.149381
842	4	4	1	0:00:14.156291
843	4	4	1	0:00:14.154820
844	4	8	0	0:00:14.154185
845	4	4	1	0:00:14.149111
846	4	4	1	0:00:14.154350
847	4	2	0	0:00:14.150561
848	4	4	1	0:00:14.159607
849	4	4	1	0:00:14.154180
850	4	4	1	0:00:14.154637
851	4	4	1	0:00:14.149989
852	4	4	1	0:00:14.154881
853	4	4	1	0:00:14.153242
854	4	4	1	0:00:14.159362
855	4	5	0	0:00:14.154412
856	4	3	0	0:00:14.153558
857	4	2	0	0:00:14.150237
858	4	4	1	0:00:14.154241
859	4	2	0	0:00:14.155324
860	4	4	1	0:00:14.155981
861	4	7	0	0:00:14.147927
862	4	4	1	0:00:14.151792
863	4	4	1	0:00:14.153835
864	4	6	0	0:00:14.152495
865	4	4	1	0:00:14.155478
866	4	7	0	0:00:14.155671
867	4	4	1	0:00:14.152535
868	4	5	0	0:00:14.155646
869	4	0	0	0:00:14.149311
870	4	3	0	0:00:14.155447
871	4	4	1	0:00:14.159341
872	4	4	1	0:00:14.153109
873	4	6	0	0:00:14.149983
874	4	4	1	0:00:14.151399
875	4	4	1	0:00:14.150604
876	4	4	1	0:00:14.158459
877	4	4	1	0:00:14.159639
878	4	2	0	0:00:14.149684
879	4	4	1	0:00:14.149645
880	4	5	0	0:00:14.153886
881	4	6	0	0:00:14.151361
882	4	6	0	0:00:14.157928
883	4	4	1	0:00:14.157289
884	4	4	1	0:00:14.152786
885	4	3	0	0:00:14.152960
886	4	4	1	0:00:14.156056
887	4	4	1	0:00:14.150050
888	4	0	0	0:00:14.160298
889	4	5	0	0:00:14.156103
890	4	0	0	0:00:14.153014
891	4	3	0	0:00:14.147939
892	4	4	1	0:00:14.151941
893	4	6	0	0:00:14.148155
894	4	4	1	0:00:14.159506
895	4	1	0	0:00:14.151648
896	4	6	0	0:00:14.158218
897	4	4	1	0:00:14.156664
898	4	4	1	0:00:14.156080
899	4	4	1	0:00:14.156293
900	4	2	0	0:00:14.156912
901	4	3	0	0:00:14.151729
902	4	4	1	0:00:14.153977
903	4	4	1	0:00:14.146120
904	4	4	1	0:00:14.153259
905	4	4	1	0:00:14.154907
906	4	2	0	0:00:14.152644
907	4	4	1	0:00:14.153949
908	4	3	0	0:00:14.152221
909	4	2	0	0:00:14.148168
910	4	6	0	0:00:14.151503
911	4	4	1	0:00:14.153181
912	4	6	0	0:00:14.146771
913	4	7	0	0:00:14.144065
914	4	2	0	0:00:14.148291
915	4	6	0	0:00:14.143427
916	4	4	1	0:00:14.147767
917	4	4	1	0:00:14.150956
918	4	2	0	0:00:14.146734
919	4	4	1	0:00:14.148708
920	4	4	1	0:00:14.152103
921	4	4	1	0:00:14.147041
922	4	4	1	0:00:14.148137
923	4	4	1	0:00:14.146582
924	4	5	0	0:00:14.144486
925	4	4	1	0:00:14.141515
926	4	5	0	0:00:14.146786
927	4	7	0	0:00:14.142958
928	4	8	0	0:00:14.151628
929	4	6	0	0:00:14.141927
930	4	7	0	0:00:14.149981
931	4	4	1	0:00:14.147711
932	4	3	0	0:00:14.151431
933	4	2	0	0:00:14.148309
934	4	3	0	0:00:14.155612
935	4	0	0	0:00:14.147260
936	4	3	0	0:00:14.149461
937	4	4	1	0:00:14.150579
938	4	3	0	0:00:14.150803
939	4	5	0	0:00:14.152829
940	4	4	1	0:00:14.156181
941	4	3	0	0:00:14.151454
942	4	4	1	0:00:14.159520
943	4	4	1	0:00:14.158108
944	4	4	1	0:00:14.153982
945	4	2	0	0:00:14.157530
946	4	4	1	0:00:14.158950
947	4	4	1	0:00:14.154367
948	4	4	1	0:00:14.154372
949	4	4	1	0:00:14.154768
950	4	4	1	0:00:14.158000
951	4	0	0	0:00:14.158946
952	4	0	0	0:00:14.156133
953	4	3	0	0:00:14.156091
954	4	9	0	0:00:14.150684
955	4	4	1	0:00:14.154274
956	4	8	0	0:00:14.154854
957	4	3	0	0:00:14.153344
958	4	0	0	0:00:14.155819
959	4	4	1	0:00:14.150512
960	4	0	0	0:00:14.153157
961	4	7	0	0:00:14.150193
962	4	4	1	0:00:14.154255
963	4	4	1	0:00:14.153230
964	4	6	0	0:00:14.157244
965	4	4	1	0:00:14.148947
966	4	4	1	0:00:14.153888
967	4	4	1	0:00:14.150209
968	4	4	1	0:00:14.153590
969	4	3	0	0:00:14.148695
970	4	7	0	0:00:14.151736
971	4	8	0	0:00:14.150689
972	4	7	0	0:00:14.149711
973	4	9	0	0:00:14.152664
974	4	4	1	0:00:14.157563
975	4	4	1	0:00:14.148236
976	4	4	1	0:00:14.153031
977	4	6	0	0:00:14.150162
978	4	4	1	0:00:14.152119
979	4	2	0	0:00:14.153446
980	4	4	1	0:00:14.158221
981	4	4	1	0:00:14.150080
982	4	4	1	0:00:14.152398
983	4	6	0	0:00:14.149036
984	4	4	1	0:00:14.153936
985	4	4	1	0:00:14.155509
986	4	4	1	0:00:14.161180
987	4	5	0	0:00:14.149248
988	4	4	1	0:00:14.154172
989	4	5	0	0:00:14.148944
990	4	4	1	0:00:14.154470
991	4	2	0	0:00:14.156245
992	4	4	1	0:00:14.149453
993	4	4	1	0:00:14.153757
994	4	4	1	0:00:14.150815
995	4	4	1	0:00:14.152892
996	4	2	0	0:00:14.151223
997	4	4	1	0:00:14.157313
998	4	5	0	0:00:14.150353
999	4	4	1	0:00:14.153331
1000	5	3	0	0:00:14.157019
1001	5	3	0	0:00:14.148604
1002	5	5	1	0:00:14.158119
1003	5	5	1	0:00:14.158345
1004	5	3	0	0:00:14.151141
1005	5	5	1	0:00:14.148462
1006	5	6	0	0:00:14.152219
1007	5	3	0	0:00:14.149607
1008	5	5	1	0:00:14.161233
1009	5	5	1	0:00:14.153919
1010	5	5	1	0:00:14.152208
1011	5	3	0	0:00:14.150469
1012	5	5	1	0:00:14.151108
1013	5	9	0	0:00:14.149436
1014	5	5	1	0:00:14.161180
1015	5	5	1	0:00:14.153504
1016	5	3	0	0:00:14.154445
1017	5	5	1	0:00:14.147924
1018	5	5	1	0:00:14.150066
1019	5	5	1	0:00:14.153510
1020	5	5	1	0:00:14.158572
1021	5	5	1	0:00:14.153897
1022	5	4	0	0:00:14.151643
1023	5	4	0	0:00:14.147962
1024	5	8	0	0:00:14.154646
1025	5	5	1	0:00:14.153496
1026	5	5	1	0:00:14.157359
1027	5	3	0	0:00:14.154488
1028	5	5	1	0:00:14.155010
1029	5	5	1	0:00:14.152797
1030	5	5	1	0:00:14.161218
1031	5	5	1	0:00:14.153029
1032	5	3	0	0:00:14.150964
1033	5	5	1	0:00:14.152757
1034	5	5	1	0:00:14.151755
1035	5	2	0	0:00:14.147152
1036	5	5	1	0:00:14.156623
1037	5	5	1	0:00:14.150811
1038	5	8	0	0:00:14.151715
1039	5	0	0	0:00:14.154530
1040	5	5	1	0:00:14.150756
1041	5	5	1	0:00:14.149749
1042	5	3	0	0:00:14.151989
1043	5	5	1	0:00:14.147689
1044	5	3	0	0:00:14.148922
1045	5	0	0	0:00:14.148778
1046	5	3	0	0:00:14.150188
1047	5	4	0	0:00:14.146571
1048	5	5	1	0:00:14.156790
1049	5	5	1	0:00:14.147259
1050	5	5	1	0:00:14.146548
1051	5	5	1	0:00:14.147885
1052	5	5	1	0:00:14.157963
1053	5	4	0	0:00:14.146762
1054	5	2	0	0:00:14.157363
1055	5	5	1	0:00:14.146023
1056	5	5	1	0:00:14.150626
1057	5	5	1	0:00:14.150540
1058	5	-1	0	0:00:14.151826
1059	5	3	0	0:00:14.149845
1060	5	3	0	0:00:14.149776
1061	5	3	0	0:00:14.149437
1062	5	3	0	0:00:14.144479
1063	5	4	0	0:00:14.151635
1064	5	5	1	0:00:14.147915
1065	5	5	1	0:00:14.154522
1066	5	3	0	0:00:14.152483
1067	5	3	0	0:00:14.149425
1068	5	4	0	0:00:14.147694
1069	5	5	1	0:00:14.151803
1070	5	6	0	0:00:14.151618
1071	5	7	0	0:00:14.156565
1072	5	4	0	0:00:14.149840
1073	5	3	0	0:00:14.151341
1074	5	5	1	0:00:14.160124
1075	5	5	1	0:00:14.154502
1076	5	4	0	0:00:14.155397
1077	5	6	0	0:00:14.155681
1078	5	5	1	0:00:14.149554
1079	5	7	0	0:00:14.158217
1080	5	-1	0	0:00:14.155361
1081	5	3	0	0:00:14.154779
1082	5	4	0	0:00:14.154737
1083	5	5	1	0:00:14.157565
1084	5	5	1	0:00:14.154424
1085	5	3	0	0:00:14.156204
1086	5	3	0	0:00:14.150936
1087	5	5	1	0:00:14.157213
1088	5	4	0	0:00:14.160033
1089	5	3	0	0:00:14.157047
1090	5	3	0	0:00:14.150652
1091	5	0	0	0:00:14.154539
1092	5	5	1	0:00:14.153705
1093	5	5	1	0:00:14.156626
1094	5	5	1	0:00:14.155924
1095	5	3	0	0:00:14.152082
1096	5	5	1	0:00:14.158710
1097	5	5	1	0:00:14.159250
1098	5	5	1	0:00:14.150295
1099	5	3	0	0:00:14.154815
1100	5	5	1	0:00:14.155584
1101	5	6	0	0:00:14.156651
1102	5	4	0	0:00:14.152086
1103	5	5	1	0:00:14.155425
1104	5	5	1	0:00:14.152653
1105	5	5	1	0:00:14.162061
1106	5	5	1	0:00:14.152480
1107	5	5	1	0:00:14.155813
1108	5	5	1	0:00:14.152588
1109	5	5	1	0:00:14.152514
1110	5	5	1	0:00:14.151376
1111	5	5	1	0:00:14.162369
1112	5	5	1	0:00:14.153769
1113	5	5	1	0:00:14.155735
1114	5	5	1	0:00:14.156390
1115	5	7	0	0:00:14.154422
1116	5	4	0	0:00:14.152885
1117	5	7	0	0:00:14.163745
1118	5	2	0	0:00:14.159990
1119	5	2	0	0:00:14.154488
1120	5	5	1	0:00:14.154273
1121	5	7	0	0:00:14.157213
1122	5	2	0	0:00:14.160439
1123	5	4	0	0:00:14.157079
1124	5	3	0	0:00:14.152748
1125	5	2	0	0:00:14.153311
1126	5	6	0	0:00:14.151220
1127	5	5	1	0:00:14.157021
1128	5	3	0	0:00:14.158855
1129	5	5	1	0:00:14.154010
1130	5	5	1	0:00:14.151018
1131	5	-1	0	0:00:14.152465
1132	5	5	1	0:00:14.154604
1133	5	7	0	0:00:14.153893
1134	5	3	0	0:00:14.158356
1135	5	3	0	0:00:14.151368
1136	5	5	1	0:00:14.152775
1137	5	5	1	0:00:14.149663
1138	5	5	1	0:00:14.155404
1139	5	3	0	0:00:14.155173
1140	5	4	0	0:00:14.160015
1141	5	5	1	0:00:14.153728
1142	5	5	1	0:00:14.154847
1143	5	5	1	0:00:14.152243
1144	5	5	1	0:00:14.156734
1145	5	5	1	0:00:14.160131
1146	5	5	1	0:00:14.157303
1147	5	7	0	0:00:14.154890
1148	5	2	0	0:00:14.157945
1149	5	5	1	0:00:14.153196
1150	5	5	1	0:00:14.156667
1151	5	5	1	0:00:14.161532
1152	5	5	1	0:00:14.155100
1153	5	5	1	0:00:14.150174
1154	5	5	1	0:00:14.153313
1155	5	3	0	0:00:14.150670
1156	5	5	1	0:00:14.157711
1157	5	7	0	0:00:14.156976
1158	5	5	1	0:00:14.153377
1159	5	3	0	0:00:14.149468
1160	5	5	1	0:00:14.153194
1161	5	2	0	0:00:14.155850
1162	5	4	0	0:00:14.163733
1163	5	5	1	0:00:14.153902
1164	5	5	1	0:00:14.153730
1165	5	0	0	0:00:14.154255
1166	5	7	0	0:00:14.154353
1167	5	5	1	0:00:14.150555
1168	5	5	1	0:00:14.157765
1169	5	5	1	0:00:14.147164
1170	5	5	1	0:00:14.150526
1171	5	5	1	0:00:14.148992
1172	5	7	0	0:00:14.149804
1173	5	5	1	0:00:14.153018
1174	5	5	1	0:00:14.156087
1175	5	5	1	0:00:14.152377
1176	5	1	0	0:00:14.152484
1177	5	3	0	0:00:14.145796
1178	5	3	0	0:00:14.150008
1179	5	2	0	0:00:14.152976
1180	5	5	1	0:00:14.152454
1181	5	3	0	0:00:14.151645
1182	5	6	0	0:00:14.154001
1183	5	7	0	0:00:14.157555
1184	5	7	0	0:00:14.158050
1185	5	2	0	0:00:14.154060
1186	5	9	0	0:00:14.149943
1187	5	2	0	0:00:14.157817
1188	5	7	0	0:00:14.153962
1189	5	9	0	0:00:14.148959
1190	5	5	1	0:00:14.154022
1191	5	5	1	0:00:14.157367
1192	5	5	1	0:00:14.154689
1193	5	5	1	0:00:14.154861
1194	5	5	1	0:00:14.154505
1195	5	7	0	0:00:14.151806
1196	5	7	0	0:00:14.160338
1197	5	3	0	0:00:14.155572
1198	5	0	0	0:00:14.155975
1199	5	5	1	0:00:14.155740
1200	6	3	0	0:00:14.155580
1201	6	4	0	0:00:14.151855
1202	6	6	1	0:00:14.160367
1203	6	6	1	0:00:14.154159
1204	6	5	0	0:00:14.157976
1205	6	6	1	0:00:14.159241
1206	6	6	1	0:00:14.158571
1207	6	6	1	0:00:14.152333
1208	6	6	1	0:00:14.163493
1209	6	6	1	0:00:14.155110
1210	6	6	1	0:00:14.155081
1211	6	6	1	0:00:14.152618
1212	6	6	1	0:00:14.154723
1213	6	4	0	0:00:14.151305
1214	6	6	1	0:00:14.159572
1215	6	7	0	0:00:14.152132
1216	6	4	0	0:00:14.152899
1217	6	3	0	0:00:14.152718
1218	6	9	0	0:00:14.154070
1219	6	3	0	0:00:14.161644
1220	6	6	1	0:00:14.156896
1221	6	3	0	0:00:14.150787
1222	6	6	1	0:00:14.156549
1223	6	2	0	0:00:14.157153
1224	6	6	1	0:00:14.156068
1225	6	6	1	0:00:14.157728
1226	6	6	1	0:00:14.156047
1227	6	6	1	0:00:14.158051
1228	6	6	1	0:00:14.156326
1229	6	3	0	0:00:14.151831
1230	6	6	1	0:00:14.157869
1231	6	6	1	0:00:14.158697
1232	6	6	1	0:00:14.154540
1233	6	6	1	0:00:14.151776
1234	6	5	0	0:00:14.151012
1235	6	6	1	0:00:14.151715
1236	6	6	1	0:00:14.156628
1237	6	4	0	0:00:14.155712
1238	6	6	1	0:00:14.150625
1239	6	6	1	0:00:14.148468
1240	6	4	0	0:00:14.153084
1241	6	8	0	0:00:14.148883
1242	6	4	0	0:00:14.155112
1243	6	2	0	0:00:14.149679
1244	6	4	0	0:00:14.151080
1245	6	5	0	0:00:14.148954
1246	6	2	0	0:00:14.152423
1247	6	6	1	0:00:14.156094
1248	6	6	1	0:00:14.160988
1249	6	6	1	0:00:14.163417
1250	6	6	1	0:00:14.163219
1251	6	6	1	0:00:14.155815
1252	6	6	1	0:00:14.161365
1253	6	5	0	0:00:14.161388
1254	6	6	1	0:00:14.162151
1255	6	6	1	0:00:14.152603
1256	6	7	0	0:00:14.158532
1257	6	6	1	0:00:14.157183
1258	6	4	0	0:00:14.158104
1259	6	6	1	0:00:14.162999
1260	6	6	1	0:00:14.163871
1261	6	4	0	0:00:14.155241
1262	6	6	1	0:00:14.159684
1263	6	6	1	0:00:14.158269
1264	6	3	0	0:00:14.160845
1265	6	4	0	0:00:14.160302
1266	6	6	1	0:00:14.161706
1267	6	2	0	0:00:14.157184
1268	6	6	1	0:00:14.159242
1269	6	6	1	0:00:14.158086
1270	6	6	1	0:00:14.161052
1271	6	6	1	0:00:14.167773
1272	6	6	1	0:00:14.161923
1273	6	4	0	0:00:14.158776
1274	6	2	0	0:00:14.158557
1275	6	2	0	0:00:14.156619
1276	6	8	0	0:00:14.159964
1277	6	6	1	0:00:14.159296
1278	6	6	1	0:00:14.158386
1279	6	5	0	0:00:14.162091
1280	6	6	1	0:00:14.158540
1281	6	6	1	0:00:14.156113
1282	6	6	1	0:00:14.162100
1283	6	6	1	0:00:14.159621
1284	6	6	1	0:00:14.155853
1285	6	6	1	0:00:14.156797
1286	6	6	1	0:00:14.158005
1287	6	6	1	0:00:14.153668
1288	6	6	1	0:00:14.162783
1289	6	6	1	0:00:14.158696
1290	6	6	1	0:00:14.159873
1291	6	7	0	0:00:14.154673
1292	6	2	0	0:00:14.157638
1293	6	6	1	0:00:14.163210
1294	6	9	0	0:00:14.161806
1295	6	2	0	0:00:14.162635
1296	6	2	0	0:00:14.156155
1297	6	6	1	0:00:14.152760
1298	6	6	1	0:00:14.160836
1299	6	6	1	0:00:14.155011
1300	6	6	1	0:00:14.163198
1301	6	6	1	0:00:14.157553
1302	6	6	1	0:00:14.156290
1303	6	6	1	0:00:14.156025
1304	6	-1	0	0:00:14.153498
1305	6	6	1	0:00:14.161647
1306	6	4	0	0:00:14.155129
1307	6	6	1	0:00:14.160078
1308	6	5	0	0:00:14.157533
1309	6	6	1	0:00:14.156301
1310	6	1	0	0:00:14.149770
1311	6	0	0	0:00:14.161325
1312	6	6	1	0:00:14.156281
1313	6	-1	0	0:00:14.155553
1314	6	6	1	0:00:14.160557
1315	6	2	0	0:00:14.162596
1316	6	2	0	0:00:14.160524
1317	6	2	0	0:00:14.157027
1318	6	4	0	0:00:14.155719
1319	6	6	1	0:00:14.152715
1320	6	6	1	0:00:14.158049
1321	6	6	1	0:00:14.157374
1322	6	6	1	0:00:14.160423
1323	6	6	1	0:00:14.153892
1324	6	2	0	0:00:14.155478
1325	6	2	0	0:00:14.154410
1326	6	6	1	0:00:14.158310
1327	6	9	0	0:00:14.154402
1328	6	6	1	0:00:14.161684
1329	6	6	1	0:00:14.155277
1330	6	6	1	0:00:14.156946
1331	6	6	1	0:00:14.155309
1332	6	6	1	0:00:14.157610
1333	6	6	1	0:00:14.158858
1334	6	6	1	0:00:14.161990
1335	6	4	0	0:00:14.154352
1336	6	6	1	0:00:14.155727
1337	6	3	0	0:00:14.162222
1338	6	6	1	0:00:14.160210
1339	6	1	0	0:00:14.160497
1340	6	6	1	0:00:14.160022
1341	6	6	1	0:00:14.159339
1342	6	6	1	0:00:14.157955
1343	6	6	1	0:00:14.156454
1344	6	5	0	0:00:14.158741
1345	6	3	0	0:00:14.161582
1346	6	3	0	0:00:14.160300
1347	6	-1	0	0:00:14.152041
1348	6	5	0	0:00:14.154368
1349	6	6	1	0:00:14.153319
1350	6	6	1	0:00:14.154472
1351	6	4	0	0:00:14.155840
1352	6	6	1	0:00:14.153744
1353	6	6	1	0:00:14.154366
1354	6	6	1	0:00:14.159607
1355	6	6	1	0:00:14.154809
1356	6	6	1	0:00:14.157539
1357	6	6	1	0:00:14.156238
1358	6	6	1	0:00:14.156636
1359	6	2	0	0:00:14.162613
1360	6	4	0	0:00:14.156548
1361	6	6	1	0:00:14.155934
1362	6	6	1	0:00:14.160691
1363	6	6	1	0:00:14.148074
1364	6	6	1	0:00:14.154551
1365	6	0	0	0:00:14.151631
1366	6	9	0	0:00:14.155892
1367	6	3	0	0:00:14.155967
1368	6	6	1	0:00:14.159969
1369	6	5	0	0:00:14.149285
1370	6	6	1	0:00:14.154058
1371	6	6	1	0:00:14.155742
1372	6	6	1	0:00:14.157549
1373	6	6	1	0:00:14.157306
1374	6	6	1	0:00:14.160736
1375	6	6	1	0:00:14.152253
1376	6	2	0	0:00:14.156759
1377	6	6	1	0:00:14.153258
1378	6	5	0	0:00:14.154570
1379	6	6	1	0:00:14.158120
1380	6	6	1	0:00:14.157294
1381	6	4	0	0:00:14.158492
1382	6	9	0	0:00:14.151180
1383	6	6	1	0:00:14.155804
1384	6	6	1	0:00:14.152494
1385	6	2	0	0:00:14.157283
1386	6	6	1	0:00:14.155448
1387	6	3	0	0:00:14.149468
1388	6	6	1	0:00:14.153606
1389	6	6	1	0:00:14.154566
1390	6	6	1	0:00:14.156549
1391	6	8	0	0:00:14.158000
1392	6	6	1	0:00:14.152108
1393	6	6	1	0:00:14.152966
1394	6	6	1	0:00:14.151052
1395	6	3	0	0:00:14.153081
1396	6	3	0	0:00:14.155240
1397	6	4	0	0:00:14.156537
1398	6	6	1	0:00:14.152971
1399	6	4	0	0:00:14.147794
1400	7	4	0	0:00:14.154907
1401	7	7	1	0:00:14.153894
1402	7	7	1	0:00:14.157437
1403	7	7	1	0:00:14.163545
1404	7	7	1	0:00:14.155311
1405	7	5	0	0:00:14.149799
1406	7	3	0	0:00:14.151462
1407	7	7	1	0:00:14.148237
1408	7	9	0	0:00:14.158201
1409	7	0	0	0:00:14.154619
1410	7	7	1	0:00:14.155212
1411	7	7	1	0:00:14.152828
1412	7	7	1	0:00:14.153838
1413	7	7	1	0:00:14.152465
1414	7	5	0	0:00:14.157264
1415	7	7	1	0:00:14.152468
1416	7	3	0	0:00:14.153430
1417	7	7	1	0:00:14.150426
1418	7	7	1	0:00:14.157151
1419	7	5	0	0:00:14.155570
1420	7	8	0	0:00:14.154783
1421	7	3	0	0:00:14.155190
1422	7	7	1	0:00:14.154496
1423	7	5	0	0:00:14.154086
1424	7	3	0	0:00:14.160061
1425	7	4	0	0:00:14.158686
1426	7	4	0	0:00:14.154975
1427	7	7	1	0:00:14.156664
1428	7	2	0	0:00:14.157084
1429	7	9	0	0:00:14.154561
1430	7	1	0	0:00:14.158403
1431	7	7	1	0:00:14.156265
1432	7	7	1	0:00:14.159593
1433	7	9	0	0:00:14.155793
1434	7	0	0	0:00:14.158764
1435	7	8	0	0:00:14.155895
1436	7	6	0	0:00:14.158424
1437	7	7	1	0:00:14.155219
1438	7	5	0	0:00:14.153148
1439	7	4	0	0:00:14.155694
1440	7	0	0	0:00:14.152010
1441	7	9	0	0:00:14.152420
1442	7	7	1	0:00:14.161089
1443	7	7	1	0:00:14.153319
1444	7	7	1	0:00:14.159531
1445	7	7	1	0:00:14.155349
1446	7	7	1	0:00:14.161863
1447	7	7	1	0:00:14.161606
1448	7	7	1	0:00:14.162050
1449	7	7	1	0:00:14.152889
1450	7	3	0	0:00:14.157118
1451	7	7	1	0:00:14.154799
1452	7	7	1	0:00:14.152286
1453	7	7	1	0:00:14.154080
1454	7	3	0	0:00:14.160386
1455	7	7	1	0:00:14.154665
1456	7	7	1	0:00:14.153481
1457	7	7	1	0:00:14.155960
1458	7	7	1	0:00:14.158150
1459	7	7	1	0:00:14.160127
1460	7	4	0	0:00:14.154819
1461	7	0	0	0:00:14.153827
1462	7	7	1	0:00:14.156687
1463	7	8	0	0:00:14.154357
1464	7	5	0	0:00:14.156128
1465	7	7	1	0:00:14.156093
1466	7	4	0	0:00:14.152696
1467	7	7	1	0:00:14.157739
1468	7	7	1	0:00:14.161186
1469	7	7	1	0:00:14.158590
1470	7	7	1	0:00:14.157857
1471	7	7	1	0:00:14.157060
1472	7	7	1	0:00:14.155013
1473	7	4	0	0:00:14.152767
1474	7	7	1	0:00:14.158171
1475	7	7	1	0:00:14.157276
1476	7	4	0	0:00:14.160223
1477	7	7	1	0:00:14.156409
1478	7	7	1	0:00:14.156656
1479	7	7	1	0:00:14.152248
1480	7	7	1	0:00:14.155634
1481	7	8	0	0:00:14.151690
1482	7	7	1	0:00:14.161345
1483	7	2	0	0:00:14.150609
1484	7	7	1	0:00:14.153595
1485	7	3	0	0:00:14.150792
1486	7	5	0	0:00:14.152800
1487	7	9	0	0:00:14.150385
1488	7	5	0	0:00:14.156268
1489	7	7	1	0:00:14.151852
1490	7	9	0	0:00:14.155427
1491	7	5	0	0:00:14.152986
1492	7	7	1	0:00:14.153911
1493	7	7	1	0:00:14.156899
1494	7	7	1	0:00:14.152673
1495	7	7	1	0:00:14.150506
1496	7	7	1	0:00:14.149480
1497	7	7	1	0:00:14.146371
1498	7	6	0	0:00:14.152474
1499	7	7	1	0:00:14.156782
1500	7	7	1	0:00:14.149961
1501	7	7	1	0:00:14.152808
1502	7	7	1	0:00:14.149783
1503	7	7	1	0:00:14.148238
1504	7	7	1	0:00:14.149388
1505	7	7	1	0:00:14.154174
1506	7	7	1	0:00:14.149145
1507	7	7	1	0:00:14.147636
1508	7	7	1	0:00:14.151208
1509	7	5	0	0:00:14.147630
1510	7	7	1	0:00:14.153799
1511	7	5	0	0:00:14.151875
1512	7	7	1	0:00:14.155204
1513	7	7	1	0:00:14.149851
1514	7	1	0	0:00:14.147279
1515	7	-1	0	0:00:14.146564
1516	7	3	0	0:00:14.156939
1517	7	7	1	0:00:14.150566
1518	7	7	1	0:00:14.149626
1519	7	7	1	0:00:14.148345
1520	7	7	1	0:00:14.150555
1521	7	7	1	0:00:14.145821
1522	7	7	1	0:00:14.154185
1523	7	7	1	0:00:14.146467
1524	7	0	0	0:00:14.149071
1525	7	7	1	0:00:14.147049
1526	7	7	1	0:00:14.151417
1527	7	7	1	0:00:14.151879
1528	7	9	0	0:00:14.154597
1529	7	2	0	0:00:14.147440
1530	7	7	1	0:00:14.147987
1531	7	7	1	0:00:14.148487
1532	7	7	1	0:00:14.152823
1533	7	7	1	0:00:14.156653
1534	7	7	1	0:00:14.157602
1535	7	4	0	0:00:14.151397
1536	7	5	0	0:00:14.150476
1537	7	7	1	0:00:14.147630
1538	7	7	1	0:00:14.149685
1539	7	7	1	0:00:14.151651
1540	7	5	0	0:00:14.154217
1541	7	7	1	0:00:14.150012
1542	7	7	1	0:00:14.150295
1543	7	7	1	0:00:14.149035
1544	7	7	1	0:00:14.153276
1545	7	7	1	0:00:14.153589
1546	7	7	1	0:00:14.155914
1547	7	5	0	0:00:14.147688
1548	7	4	0	0:00:14.154019
1549	7	7	1	0:00:14.151438
1550	7	7	1	0:00:14.156348
1551	7	7	1	0:00:14.156124
1552	7	7	1	0:00:14.154113
1553	7	7	1	0:00:14.152870
1554	7	7	1	0:00:14.158157
1555	7	2	0	0:00:14.152602
1556	7	7	1	0:00:14.160134
1557	7	7	1	0:00:14.157051
1558	7	7	1	0:00:14.152544
1559	7	7	1	0:00:14.153997
1560	7	7	1	0:00:14.154016
1561	7	4	0	0:00:14.154235
1562	7	7	1	0:00:14.163270
1563	7	2	0	0:00:14.154265
1564	7	0	0	0:00:14.154464
1565	7	3	0	0:00:14.149421
1566	7	7	1	0:00:14.156901
1567	7	7	1	0:00:14.155009
1568	7	7	1	0:00:14.160303
1569	7	3	0	0:00:14.152136
1570	7	7	1	0:00:14.155498
1571	7	7	1	0:00:14.149765
1572	7	2	0	0:00:14.156664
1573	7	7	1	0:00:14.156264
1574	7	9	0	0:00:14.158908
1575	7	8	0	0:00:14.154751
1576	7	1	0	0:00:14.150307
1577	7	7	1	0:00:14.149996
1578	7	7	1	0:00:14.165114
1579	7	7	1	0:00:14.158674
1580	7	7	1	0:00:14.152968
1581	7	7	1	0:00:14.152333
1582	7	7	1	0:00:14.155064
1583	7	7	1	0:00:14.149693
1584	7	4	0	0:00:14.153131
1585	7	7	1	0:00:14.152946
1586	7	5	0	0:00:14.153630
1587	7	7	1	0:00:14.149828
1588	7	7	1	0:00:14.151998
1589	7	5	0	0:00:14.146605
1590	7	7	1	0:00:14.153845
1591	7	7	1	0:00:14.150779
1592	7	9	0	0:00:14.154102
1593	7	7	1	0:00:14.148660
1594	7	7	1	0:00:14.152725
1595	7	7	1	0:00:14.151914
1596	7	2	0	0:00:14.155942
1597	7	7	1	0:00:14.153634
1598	7	7	1	0:00:14.153387
1599	7	7	1	0:00:14.147954
1600	8	0	0	0:00:14.159025
1601	8	9	0	0:00:14.148306
1602	8	8	1	0:00:14.159538
1603	8	8	1	0:00:14.149142
1604	8	8	1	0:00:14.150465
1605	8	8	1	0:00:14.148873
1606	8	8	1	0:00:14.153297
1607	8	8	1	0:00:14.153391
1608	8	8	1	0:00:14.157480
1609	8	8	1	0:00:14.149668
1610	8	8	1	0:00:14.150187
1611	8	8	1	0:00:14.150333
1612	8	8	1	0:00:14.152539
1613	8	8	1	0:00:14.153078
1614	8	8	1	0:00:14.155690
1615	8	8	1	0:00:14.151512
1616	8	2	0	0:00:14.152821
1617	8	8	1	0:00:14.149841
1618	8	-1	0	0:00:14.157760
1619	8	8	1	0:00:14.159798
1620	8	8	1	0:00:14.157591
1621	8	0	0	0:00:14.153614
1622	8	0	0	0:00:14.161389
1623	8	9	0	0:00:14.151301
1624	8	8	1	0:00:14.151072
1625	8	9	0	0:00:14.158467
1626	8	8	1	0:00:14.153549
1627	8	6	0	0:00:14.155265
1628	8	8	1	0:00:14.153289
1629	8	8	1	0:00:14.156099
1630	8	8	1	0:00:14.155524
1631	8	2	0	0:00:14.158092
1632	8	8	1	0:00:14.154997
1633	8	8	1	0:00:14.153455
1634	8	8	1	0:00:14.154170
1635	8	8	1	0:00:14.155464
1636	8	8	1	0:00:14.158500
1637	8	8	1	0:00:14.158454
1638	8	8	1	0:00:14.153170
1639	8	0	0	0:00:14.158244
1640	8	8	1	0:00:14.156062
1641	8	8	1	0:00:14.156801
1642	8	8	1	0:00:14.155826
1643	8	8	1	0:00:14.155309
1644	8	8	1	0:00:14.159012
1645	8	8	1	0:00:14.155803
1646	8	8	1	0:00:14.151489
1647	8	8	1	0:00:14.158977
1648	8	8	1	0:00:14.157727
1649	8	8	1	0:00:14.153436
1650	8	8	1	0:00:14.152342
1651	8	8	1	0:00:14.154277
1652	8	8	1	0:00:14.156047
1653	8	9	0	0:00:14.158181
1654	8	8	1	0:00:14.158887
1655	8	8	1	0:00:14.154891
1656	8	8	1	0:00:14.149770
1657	8	8	1	0:00:14.152909
1658	8	8	1	0:00:14.152129
1659	8	8	1	0:00:14.159950
1660	8	8	1	0:00:14.152988
1661	8	8	1	0:00:14.156923
1662	8	8	1	0:00:14.155782
1663	8	8	1	0:00:14.151601
1664	8	8	1	0:00:14.151240
1665	8	8	1	0:00:14.159086
1666	8	8	1	0:00:14.161192
1667	8	8	1	0:00:14.150538
1668	8	8	1	0:00:14.151619
1669	8	8	1	0:00:14.155181
1670	8	8	1	0:00:14.155051
1671	8	8	1	0:00:14.157215
1672	8	8	1	0:00:14.150274
1673	8	8	1	0:00:14.156639
1674	8	8	1	0:00:14.150396
1675	8	3	0	0:00:14.152446
1676	8	8	1	0:00:14.155668
1677	8	1	0	0:00:14.155045
1678	8	4	0	0:00:14.152267
1679	8	3	0	0:00:14.152012
1680	8	8	1	0:00:14.152557
1681	8	8	1	0:00:14.154228
1682	8	8	1	0:00:14.158200
1683	8	8	1	0:00:14.154161
1684	8	8	1	0:00:14.150000
1685	8	8	1	0:00:14.155397
1686	8	8	1	0:00:14.153000
1687	8	8	1	0:00:14.153220
1688	8	8	1	0:00:14.159244
1689	8	0	0	0:00:14.155630
1690	8	8	1	0:00:14.149935
1691	8	8	1	0:00:14.158738
1692	8	8	1	0:00:14.153819
1693	8	8	1	0:00:14.157753
1694	8	8	1	0:00:14.155984
1695	8	8	1	0:00:14.156906
1696	8	8	1	0:00:14.153973
1697	8	8	1	0:00:14.159230
1698	8	8	1	0:00:14.159242
1699	8	8	1	0:00:14.162158
1700	8	8	1	0:00:14.155421
1701	8	8	1	0:00:14.158737
1702	8	8	1	0:00:14.153656
1703	8	1	0	0:00:14.155606
1704	8	0	0	0:00:14.154832
1705	8	8	1	0:00:14.162062
1706	8	8	1	0:00:14.153309
1707	8	6	0	0:00:14.152655
1708	8	8	1	0:00:14.150498
1709	8	8	1	0:00:14.151412
1710	8	9	0	0:00:14.159801
1711	8	8	1	0:00:14.160980
1712	8	4	0	0:00:14.150254
1713	8	0	0	0:00:14.156447
1714	8	8	1	0:00:14.152860
1715	8	8	1	0:00:14.160099
1716	8	8	1	0:00:14.156979
1717	8	8	1	0:00:14.154893
1718	8	8	1	0:00:14.150528
1719	8	6	0	0:00:14.154273
1720	8	8	1	0:00:14.151574
1721	8	8	1	0:00:14.154183
1722	8	8	1	0:00:14.156384
1723	8	8	1	0:00:14.153739
1724	8	8	1	0:00:14.152053
1725	8	8	1	0:00:14.155056
1726	8	8	1	0:00:14.153322
1727	8	8	1	0:00:14.156938
1728	8	8	1	0:00:14.154608
1729	8	1	0	0:00:14.151808
1730	8	8	1	0:00:14.151542
1731	8	9	0	0:00:14.155975
1732	8	9	0	0:00:14.155875
1733	8	8	1	0:00:14.153413
1734	8	8	1	0:00:14.154086
1735	8	8	1	0:00:14.153317
1736	8	8	1	0:00:14.153608
1737	8	8	1	0:00:14.152370
1738	8	8	1	0:00:14.152864
1739	8	2	0	0:00:14.159426
1740	8	8	1	0:00:14.152921
1741	8	4	0	0:00:14.159732
1742	8	5	0	0:00:14.153671
1743	8	8	1	0:00:14.159116
1744	8	9	0	0:00:14.155683
1745	8	8	1	0:00:14.163788
1746	8	8	1	0:00:14.159927
1747	8	8	1	0:00:14.164002
1748	8	8	1	0:00:14.160204
1749	8	8	1	0:00:14.161044
1750	8	8	1	0:00:14.159758
1751	8	8	1	0:00:14.163576
1752	8	8	1	0:00:14.158074
1753	8	8	1	0:00:14.162633
1754	8	3	0	0:00:14.161245
1755	8	8	1	0:00:14.160079
1756	8	8	1	0:00:14.158499
1757	8	8	1	0:00:14.158553
1758	8	8	1	0:00:14.150331
1759	8	0	0	0:00:14.152603
1760	8	9	0	0:00:14.152663
1761	8	9	0	0:00:14.152519
1762	8	8	1	0:00:14.156739
1763	8	8	1	0:00:14.155288
1764	8	9	0	0:00:14.154079
1765	8	9	0	0:00:14.153830
1766	8	9	0	0:00:14.151836
1767	8	8	1	0:00:14.154905
1768	8	4	0	0:00:14.155978
1769	8	0	0	0:00:14.154737
1770	8	9	0	0:00:14.150648
1771	8	8	1	0:00:14.155180
1772	8	8	1	0:00:14.155765
1773	8	8	1	0:00:14.157685
1774	8	4	0	0:00:14.149402
1775	8	8	1	0:00:14.157422
1776	8	1	0	0:00:14.154772
1777	8	8	1	0:00:14.153233
1778	8	8	1	0:00:14.151824
1779	8	8	1	0:00:14.160852
1780	8	8	1	0:00:14.152338
1781	8	8	1	0:00:14.152808
1782	8	8	1	0:00:14.149068
1783	8	8	1	0:00:14.154293
1784	8	8	1	0:00:14.152556
1785	8	8	1	0:00:14.158212
1786	8	9	0	0:00:14.149021
1787	8	8	1	0:00:14.155435
1788	8	8	1	0:00:14.152040
1789	8	1	0	0:00:14.154095
1790	8	8	1	0:00:14.161287
1791	8	0	0	0:00:14.158086
1792	8	8	1	0:00:14.152514
1793	8	7	0	0:00:14.153677
1794	8	8	1	0:00:14.151554
1795	8	8	1	0:00:14.153692
1796	8	0	0	0:00:14.155436
1797	8	8	1	0:00:14.159566
1798	8	2	0	0:00:14.156746
1799	8	8	1	0:00:14.152120
1800	9	9	1	0:00:14.152320
1801	9	3	0	0:00:14.149413
1802	9	9	1	0:00:14.157441
1803	9	9	1	0:00:14.151589
1804	9	9	1	0:00:14.152678
1805	9	9	1	0:00:14.155422
1806	9	9	1	0:00:14.148537
1807	9	9	1	0:00:14.156065
1808	9	9	1	0:00:14.155049
1809	9	9	1	0:00:14.155297
1810	9	9	1	0:00:14.151700
1811	9	5	0	0:00:14.154611
1812	9	9	1	0:00:14.155256
1813	9	9	1	0:00:14.160638
1814	9	9	1	0:00:14.152710
1815	9	1	0	0:00:14.155841
1816	9	9	1	0:00:14.151735
1817	9	9	1	0:00:14.155089
1818	9	9	1	0:00:14.154024
1819	9	9	1	0:00:14.165078
1820	9	9	1	0:00:14.156497
1821	9	3	0	0:00:14.153291
1822	9	0	0	0:00:14.151595
1823	9	9	1	0:00:14.157033
1824	9	6	0	0:00:14.156198
1825	9	3	0	0:00:14.159259
1826	9	0	0	0:00:14.152868
1827	9	9	1	0:00:14.153729
1828	9	9	1	0:00:14.151926
1829	9	9	1	0:00:14.151130
1830	9	9	1	0:00:14.154375
1831	9	8	0	0:00:14.157432
1832	9	6	0	0:00:14.152197
1833	9	3	0	0:00:14.152626
1834	9	9	1	0:00:14.151883
1835	9	1	0	0:00:14.150812
1836	9	6	0	0:00:14.151428
1837	9	8	0	0:00:14.152869
1838	9	9	1	0:00:14.149173
1839	9	5	0	0:00:14.153468
1840	9	7	0	0:00:14.148178
1841	9	7	0	0:00:14.156251
1842	9	0	0	0:00:14.158514
1843	9	8	0	0:00:14.151146
1844	9	9	1	0:00:14.151728
1845	9	0	0	0:00:14.152721
1846	9	9	1	0:00:14.150705
1847	9	3	0	0:00:14.156889
1848	9	9	1	0:00:14.153958
1849	9	9	1	0:00:14.153147
1850	9	9	1	0:00:14.150232
1851	9	9	1	0:00:14.153759
1852	9	8	0	0:00:14.151107
1853	9	9	1	0:00:14.159769
1854	9	1	0	0:00:14.153357
1855	9	9	1	0:00:14.155521
1856	9	9	1	0:00:14.152092
1857	9	9	1	0:00:14.154195
1858	9	9	1	0:00:14.149801
1859	9	9	1	0:00:14.155763
1860	9	9	1	0:00:14.149518
1861	9	9	1	0:00:14.152756
1862	9	6	0	0:00:14.147316
1863	9	8	0	0:00:14.157875
1864	9	9	1	0:00:14.155172
1865	9	9	1	0:00:14.156637
1866	9	0	0	0:00:14.145585
1867	9	9	1	0:00:14.151107
1868	9	9	1	0:00:14.152563
1869	9	9	1	0:00:14.152677
1870	9	8	0	0:00:14.152782
1871	9	9	1	0:00:14.154712
1872	9	8	0	0:00:14.150679
1873	9	9	1	0:00:14.151839
1874	9	8	0	0:00:14.152090
1875	9	9	1	0:00:14.156800
1876	9	9	1	0:00:14.158049
1877	9	4	0	0:00:14.158040
1878	9	9	1	0:00:14.147620
1879	9	9	1	0:00:14.152201
1880	9	1	0	0:00:14.151091
1881	9	1	0	0:00:14.149488
1882	9	9	1	0:00:14.155991
1883	9	9	1	0:00:14.152120
1884	9	9	1	0:00:14.152746
1885	9	9	1	0:00:14.159641
1886	9	9	1	0:00:14.153255
1887	9	9	1	0:00:14.156661
1888	9	9	1	0:00:14.151265
1889	9	9	1	0:00:14.153275
1890	9	9	1	0:00:14.150573
1891	9	9	1	0:00:14.156269
1892	9	9	1	0:00:14.149860
1893	9	9	1	0:00:14.158192
1894	9	9	1	0:00:14.151743
1895	9	9	1	0:00:14.149443
1896	9	9	1	0:00:14.149017
1897	9	9	1	0:00:14.153427
1898	9	9	1	0:00:14.148310
1899	9	9	1	0:00:14.158945
1900	9	9	1	0:00:14.149205
1901	9	9	1	0:00:14.153871
1902	9	9	1	0:00:14.147118
1903	9	8	0	0:00:14.150274
1904	9	9	1	0:00:14.151787
1905	9	9	1	0:00:14.158574
1906	9	9	1	0:00:14.151588
1907	9	9	1	0:00:14.158862
1908	9	9	1	0:00:14.151606
1909	9	9	1	0:00:14.153381
1910	9	9	1	0:00:14.152056
1911	9	9	1	0:00:14.154552
1912	9	9	1	0:00:14.146906
1913	9	9	1	0:00:14.150083
1914	9	9	1	0:00:14.150322
1915	9	9	1	0:00:14.151853
1916	9	9	1	0:00:14.156946
1917	9	9	1	0:00:14.155164
1918	9	9	1	0:00:14.149952
1919	9	9	1	0:00:14.151328
1920	9	1	0	0:00:14.150839
1921	9	5	0	0:00:14.151443
1922	9	0	0	0:00:14.156445
1923	9	5	0	0:00:14.149548
1924	9	9	1	0:00:14.150597
1925	9	1	0	0:00:14.151555
1926	9	9	1	0:00:14.148222
1927	9	9	1	0:00:14.156012
1928	9	9	1	0:00:14.153429
1929	9	9	1	0:00:14.163343
1930	9	9	1	0:00:14.150902
1931	9	9	1	0:00:14.150793
1932	9	8	0	0:00:14.150785
1933	9	3	0	0:00:14.157582
1934	9	9	1	0:00:14.153369
1935	9	9	1	0:00:14.153710
1936	9	9	1	0:00:14.150601
1937	9	9	1	0:00:14.154477
1938	9	8	0	0:00:14.148896
1939	9	9	1	0:00:14.157252
1940	9	9	1	0:00:14.148254
1941	9	9	1	0:00:14.151310
1942	9	9	1	0:00:14.152518
1943	9	1	0	0:00:14.154995
1944	9	9	1	0:00:14.152677
1945	9	9	1	0:00:14.157390
1946	9	9	1	0:00:14.150186
1947	9	8	0	0:00:14.154318
1948	9	9	1	0:00:14.150044
1949	9	9	1	0:00:14.153730
1950	9	9	1	0:00:14.152385
1951	9	9	1	0:00:14.162452
1952	9	8	0	0:00:14.151312
1953	9	4	0	0:00:14.153903
1954	9	3	0	0:00:14.153784
1955	9	6	0	0:00:14.150000
1956	9	9	1	0:00:14.155856
1957	9	9	1	0:00:14.150625
1958	9	9	1	0:00:14.151835
1959	9	9	1	0:00:14.154060
1960	9	9	1	0:00:14.152458
1961	9	4	0	0:00:14.152198
1962	9	9	1	0:00:14.155934
1963	9	9	1	0:00:14.158807
1964	9	9	1	0:00:14.151687
1965	9	1	0	0:00:14.153742
1966	9	9	1	0:00:14.151838
1967	9	9	1	0:00:14.156080
1968	9	9	1	0:00:14.153092
1969	9	3	0	0:00:14.151724
1970	9	9	1	0:00:14.153141
1971	9	8	0	0:00:14.154658
1972	9	3	0	0:00:14.153277
1973	9	9	1	0:00:14.166149
1974	9	0	0	0:00:14.151550
1975	9	0	0	0:00:14.152576
1976	9	9	1	0:00:14.148246
1977	9	9	1	0:00:14.153497
1978	9	9	1	0:00:14.149766
1979	9	1	0	0:00:14.158451
1980	9	9	1	0:00:14.149568
1981	9	9	1	0:00:14.154699
1982	9	9	1	0:00:14.148967
1983	9	9	1	0:00:14.153451
1984	9	9	1	0:00:14.152085
1985	9	9	1	0:00:14.156007
1986	9	9	1	0:00:14.151425
1987	9	8	0	0:00:14.153286
1988	9	9	1	0:00:14.149271
1989	9	1	0	0:00:14.149133
1990	9	9	1	0:00:14.153085
1991	9	9	1	0:00:14.155402
1992	9	9	1	0:00:14.149223
1993	9	3	0	0:00:14.147651
1994	9	9	1	0:00:14.153710
1995	9	9	1	0:00:14.162032
1996	9	9	1	0:00:14.155307
1997	9	9	1	0:00:14.149646
1998	9	9	1	0:00:14.150501
1999	9	9	1	0:00:14.154442
